/**
 * @file 全体で使用する定数に関する記述をする
 * @author Kahiro Matsudaira <0204.kahiro@gmail.com>
 */

 // 全体で使用する定数を宣言する。

// ツールで組み合わせチェックで用いる閾値の定義
//https://www.toyoink1050plus.com/color/chromatics/basic/005.php
//https://www.xrite.co.jp/colorknowledge-blog/90-blog-color/436-blog-20170831.html

//特別に調整された測色器械でも誤差の範囲にあり、人では識別不能
const THRESHOLD_NON_COLORIMETRY_AREA = 0.2;

//十分に調整された測色器械の再現精度の範囲で、訓練を積んだ人が再現性を持って識別できる限界
const THRESHOLD_IDENTIFICATION_COLOR_DIFFERENCE = 0.3;

//	目視判定の再現性からみて、厳格な許容色差の規格を設定できる限界
const THRESHOLD_AAA = 0.4;

//色の隣接比較で、わずかに色差が感じられるレベル。一般の測色器械間の誤差を含む許容色差の範囲	
const THRESHOLD_AA = 0.8;

//色の離間比較では、ほとんど気付かれない色差レベル。一般的には同じ色だと思われているレベル	
const THRESHOLD_A = 1.6;

//印象レベルでは同じ色として扱える範囲。塗料業界やプラスチック業界では色違いでクレームになることがある	
const THRESHOLD_B = 3.2;

//ＪＩＳ標準色票、マンセル色票等の１歩度に相当する色差	
const THRESHOLD_C = 6.5;

//細分化された系統色名で区別ができる程度の色の差で、この程度を超えると別の色名のイメージになる	
const THRESHOLD_D = 13.0;

//完全に別の色
const THRESHOLD_OTHER_COLOR = 25.0;


// 結果表示に使用する文字列
const STRING_NON_COLORIMETRY_AREA = "評価不能領域";
const STRING_IDENTIFICATION_COLOR_DIFFERENCE = "識別限界";
const STRING_AAA = "AAA級許容差";
const STRING_AA = "AA級許容差";
const STRING_A = "A級許容差";
const STRING_B = "B級許容差";
const STRING_C = "C級許容差";
const STRING_D = "D級許容差";
const STRING_OTHER_COLOR = "別の色";
const STRING_OUT_OF_RANGE_TEXT = "スペクトル軌跡の範囲外";


// 結果表示に使用する色
const COLOR_NON_COLORIMETRY_AREA = "#804000";
const COLOR_IDENTIFICATION_COLOR_DIFFERENCE = "#ff4b00";
const COLOR_AAA = "#ff8082";
const COLOR_AA = "#f6aa00";
const COLOR_A = "#fff100";
const COLOR_B = "#03af7a";
const COLOR_C = "#4dc4ff";
const COLOR_D = "#005aff";
const COLOR_OTHER_COLOR = "#990099";
const COLOR_OUT_OF_RANGE_TEXT = "#FFFFFF";
const COLOR_OUT_OF_RANGE_BACKGROUND = "#000000";

// 入力となる色の形式
const INPUT_TYPE_SRGB = "sRGB";
const INPUT_TYPE_SMALL_XYZ = "xyY";

// スペクトル軌跡の座標値
// データ点が極端に多いと丸目誤差で包含関係判断でNGとなるので一部間引きする。
const SPECTRUM = [
  {nm:380, x:0.17722, y:0.00000, z:0.82278},
  // {nm:385, x:0.17188, y:0.00781, z:0.82031},
  // {nm:390, x:0.17213, y:0.00410, z:0.82377},
  // {nm:395, x:0.17273, y:0.00455, z:0.82273},
  {nm:400, x:0.17312, y:0.00484, z:0.82203},
  // {nm:405, x:0.17313, y:0.00448, z:0.82239},
  {nm:410, x:0.17255, y:0.00476, z:0.82269},
  // {nm:415, x:0.17202, y:0.00488, z:0.82310},
  {nm:420, x:0.17143, y:0.00510, z:0.82347},
  // {nm:425, x:0.17031, y:0.00579, z:0.82390},
  {nm:430, x:0.16888, y:0.00690, z:0.82422},
  // {nm:435, x:0.16690, y:0.00854, z:0.82457},
  {nm:440, x:0.16442, y:0.01086, z:0.82473},
  // {nm:445, x:0.16112, y:0.01379, z:0.82509},
  {nm:450, x:0.15664, y:0.01770, z:0.82565},
  // {nm:455, x:0.15099, y:0.02274, z:0.82627},
  {nm:460, x:0.14396, y:0.02970, z:0.82634},
  // {nm:465, x:0.13550, y:0.03988, z:0.82462},
  {nm:470, x:0.12414, y:0.05781, z:0.81804},
  // {nm:475, x:0.10959, y:0.08684, z:0.80356},
  {nm:480, x:0.09126, y:0.13268, z:0.77606},
  // {nm:485, x:0.06876, y:0.20071, z:0.73053},
  {nm:490, x:0.04538, y:0.29495, z:0.65967},
  // {nm:495, x:0.02346, y:0.41270, z:0.56384},
  {nm:500, x:0.00817, y:0.53842, z:0.45341},
  // {nm:505, x:0.00386, y:0.65482, z:0.34132},
  {nm:510, x:0.01387, y:0.75019, z:0.23594},
  // {nm:515, x:0.03885, y:0.81202, z:0.14913},
  {nm:520, x:0.07434, y:0.83382, z:0.09184},
  // {nm:525, x:0.11415, y:0.82616, z:0.05968},
  {nm:530, x:0.15472, y:0.80583, z:0.03945},
  // {nm:535, x:0.19284, y:0.78170, z:0.02546},
  {nm:540, x:0.22962, y:0.75433, z:0.01605},
  // {nm:545, x:0.26578, y:0.72432, z:0.00990},
  {nm:550, x:0.30158, y:0.69237, z:0.00605},
  // {nm:555, x:0.33740, y:0.65885, z:0.00376},
  {nm:560, x:0.37310, y:0.62445, z:0.00245},
  // {nm:565, x:0.40875, y:0.58962, z:0.00163},
  {nm:570, x:0.44406, y:0.55471, z:0.00122},
  // {nm:575, x:0.47877, y:0.52020, z:0.00102},
  {nm:580, x:0.51247, y:0.48658, z:0.00095},
  // {nm:585, x:0.54479, y:0.45443, z:0.00078},
  {nm:590, x:0.57515, y:0.42423, z:0.00062},
  // {nm:595, x:0.60293, y:0.39650, z:0.00057},
  {nm:600, x:0.62704, y:0.37249, z:0.00047},
  // {nm:605, x:0.64823, y:0.35139, z:0.00037},
  {nm:610, x:0.66578, y:0.33402, z:0.00020},
  // {nm:615, x:0.68010, y:0.31976, z:0.00014},
  {nm:620, x:0.69149, y:0.30835, z:0.00016},
  // {nm:625, x:0.70061, y:0.29930, z:0.00009},
  {nm:630, x:0.70796, y:0.29204, z:0.00000},
  // {nm:635, x:0.71406, y:0.28594, z:0.00000},
  {nm:640, x:0.71906, y:0.28094, z:0.00000},
  // {nm:645, x:0.72305, y:0.27695, z:0.00000},
  {nm:650, x:0.72599, y:0.27401, z:0.00000},
  // {nm:655, x:0.72827, y:0.27173, z:0.00000},
  // {nm:660, x:0.72997, y:0.27003, z:0.00000},
  // {nm:665, x:0.73100, y:0.26900, z:0.00000},
  {nm:670, x:0.73199, y:0.26801, z:0.00000},
  // {nm:675, x:0.73272, y:0.26728, z:0.00000},
  // {nm:680, x:0.73354, y:0.26646, z:0.00000},
  // {nm:685, x:0.73438, y:0.26563, z:0.00000},
  // {nm:690, x:0.73463, y:0.26537, z:0.00000},
  // {nm:695, x:0.73488, y:0.26512, z:0.00000},
  // {nm:700, x:0.73548, y:0.26452, z:0.00000},
  // {nm:705, x:0.73636, y:0.26364, z:0.00000},
  // {nm:710, x:0.73418, y:0.26582, z:0.00000},
  // {nm:715, x:0.73214, y:0.26786, z:0.00000},
  {nm:720, x:0.74359, y:0.25641, z:0.00000},
  // {nm:725, x:0.74074, y:0.25926, z:0.00000},
  // {nm:730, x:0.73684, y:0.26316, z:0.00000},
  // {nm:735, x:0.71429, y:0.28571, z:0.00000},
  {nm:740, x:0.77778, y:0.22222, z:0.00000},
  // {nm:745, x:0.71429, y:0.28571, z:0.00000},
  // {nm:750, x:0.75000, y:0.25000, z:0.00000},
  // {nm:755, x:0.66667, y:0.33333, z:0.00000},
  // {nm:760, x:0.66667, y:0.33333, z:0.00000},
];